1000 9864
671 508
431 635
659 476
825 964
506 568
717 110
81 414
114 5
316 713
333 357
450 3
710 811
460 104
977 786
389 862
393 161
807 19
897 343
860 713
94 509
350 907
197 281
939 218
208 864
126 978
455 52
166 586
846 703
317 435
190 931
429 665
798 546
394 684
551 350
66 868
217 240
515 697
166 267
5 647
616 426
429 955
835 712
108 126
535 283
667 387
481 404
120 596
100 746
156 644
56 67
586 337
878 985
4 464
174 992
31 953
549 60
163 369
715 268
308 878
511 161
258 71
408 616
596 249
653 78
512 878
588 613
3 297
193 742
780 87
999 93
327 294
189 422
936 877
990 416
996 10
893 119
858 770
931 82
235 449
163 60
954 273
525 98
708 256
435 673
657 668
55 491
205 314
257 464
368 754
393 688
140 683
346 368
608 3
607 863
45 354
817 265
157 296
551 120
567 509
867 610
258 941
461 242
669 397
814 590
582 666
362 521
760 668
376 677
711 411
507 122
312 124
61 185
578 363
962 202
346 777
215 666
593 302
740 43
122 782
503 159
765 616
218 285
290 958
295 542
352 775
497 354
117 521
570 396
373 703
981 944
484 632
92 857
491 765
826 847
388 358
463 930
356 562
88 944
749 453
218 575
628 810
675 341
166 311
756 825
299 978
728 192
856 437
29 260
655 337
27 78
113 444
997 683
156 744
335 788
92 750
2 258
19 672
297 326
925 860
330 262
503 993
272 147
951 333
275 788
375 678
921 266
23 862
700 967
27 667
399 619
783 832
698 988
699 397
554 664
153 33
211 343
859 765
767 842
958 734
672 818
841 861
971 922
954 164
777 677
560 819
889 585
131 374
21 444
566 104
803 358
107 917
860 333
54 188
457 678
206 875
100 298
409 523
301 621
638 814
252 253
695 445
259 853
704 784
449 359
868 934
726 332
565 962
696 783
452 204
777 242
707 369
768 283
19 147
817 834
769 999
422 207
117 749
593 30
28 225
236 124
94 102
259 463
32 851
456 575
455 691
4 281
294 582
995 727
559 62
545 584
840 532
69 206
415 470
988 436
535 33
334 290
117 210
889 41
546 858
504 9
927 331
395 874
698 513
297 604
214 807
125 344
721 561
921 151
426 735
707 610
154 878
563 710
659 775
1000 322
818 966
137 529
72 58
695 114
291 280
846 458
224 853
8 770
651 232
120 294
780 972
485 82
604 8
2 588
465 174
565 659
437 90
792 49
536 469
815 863
891 461
547 777
108 945
534 513
719 527
116 624
815 716
284 260
102 519
927 562
825 24
272 1000
226 535
500 332
530 447
33 253
824 224
364 745
203 813
733 271
868 41
588 216
311 771
811 315
80 335
959 835
899 69
708 577
738 231
683 773
756 853
27 249
550 352
933 245
53 49
192 855
896 744
617 148
60 770
259 43
45 518
514 527
198 44
644 926
516 509
799 562
411 277
163 340
515 907
398 525
2 202
519 947
95 461
301 446
729 387
201 122
700 4
793 670
206 453
840 745
118 657
834 850
83 112
953 864
934 838
828 416
633 200
27 579
960 938
469 986
319 396
232 638
582 258
414 400
901 930
168 570
525 674
510 392
737 324
318 735
320 622
789 910
941 323
937 880
129 851
518 215
360 15
640 65
398 369
596 914
352 116
869 434
817 785
855 227
358 953
845 594
685 608
523 397
420 355
587 734
679 6
665 972
904 308
900 917
134 633
412 123
991 129
997 663
351 116
834 92
285 606
531 100
774 555
321 928
830 105
787 831
492 519
244 728
585 700
322 522
911 742
199 848
24 726
645 438
409 438
840 846
878 990
990 244
899 589
675 540
692 614
131 471
263 9
335 86
301 418
910 463
620 128
417 749
804 463
128 632
951 360
638 498
722 836
225 136
188 884
260 665
463 434
357 923
249 770
819 650
724 928
804 94
897 724
628 314
169 243
244 3
651 453
905 981
980 383
943 629
747 156
968 351
509 161
883 364
310 44
760 225
660 132
708 257
410 460
486 339
900 68
534 397
216 945
443 396
103 478
876 734
717 350
699 191
978 138
997 958
727 261
16 900
275 292
370 218
759 916
650 504
218 576
56 949
418 292
898 762
522 639
519 142
250 881
674 85
783 265
779 10
458 728
930 314
53 185
717 226
188 642
354 392
778 358
692 480
696 995
949 511
899 710
468 80
895 648
351 779
882 773
377 699
749 51
145 205
416 675
411 174
800 111
808 426
628 811
739 114
377 405
967 418
347 961
757 890
60 158
688 899
429 815
499 946
527 906
641 847
952 632
644 854
575 958
66 666
343 926
255 242
404 514
331 546
239 337
512 843
408 856
453 219
736 425
366 724
295 744
392 985
135 771
562 45
176 880
451 438
982 886
141 430
741 537
499 418
248 98
849 848
490 227
171 491
756 250
214 298
116 89
555 730
756 105
197 712
539 100
578 620
90 943
203 708
741 332
279 887
391 857
217 544
702 633
25 937
119 473
279 996
980 855
323 204
238 441
719 554
523 247
392 371
636 340
295 944
886 660
794 782
88 593
102 639
983 342
329 873
551 178
20 458
403 450
77 807
502 796
599 166
982 42
288 2
750 54
769 629
691 644
182 521
587 375
939 434
634 413
696 116
982 500
342 919
695 913
511 804
478 55
389 558
31 717
182 811
53 593
883 970
554 150
38 1000
939 592
728 221
918 334
421 366
580 825
118 1000
544 255
891 680
286 676
1 564
933 387
818 69
302 82
624 188
879 860
878 769
719 263
596 50
905 819
448 930
892 933
73 27
903 461
500 126
432 502
486 57
462 925
220 77
183 123
871 174
582 295
641 279
913 522
552 342
805 524
908 267
784 377
271 581
45 280
232 289
659 740
883 66
521 715
573 770
929 382
720 67
362 575
884 344
959 398
606 819
841 555
290 291
402 809
574 723
100 94
416 373
826 448
460 70
759 354
428 740
768 329
274 254
209 467
801 247
913 477
986 189
47 845
703 248
320 511
728 492
450 846
591 892
517 100
574 111
584 567
260 211
85 34
303 95
469 323
577 138
575 643
961 235
601 60
286 998
239 962
173 592
744 532
140 287
89 321
201 799
383 99
554 797
301 237
766 544
897 557
889 91
585 882
359 75
269 863
951 263
224 310
225 99
575 839
580 563
811 359
581 262
261 548
981 500
809 395
24 589
206 373
407 550
894 166
70 420
487 41
914 822
866 607
400 397
906 742
465 350
78 33
836 891
999 281
534 486
612 962
774 433
557 63
261 514
462 445
232 398
682 843
965 298
880 766
263 177
551 566
992 375
989 375
228 809
227 470
328 671
627 37
971 934
561 887
636 301
930 164
454 686
113 872
459 324
96 538
722 450
190 244
580 149
933 596
94 592
649 357
786 822
878 48
346 833
518 385
78 696
674 899
490 884
916 580
317 433
246 345
1000 365
311 663
529 692
874 801
519 497
857 21
195 922
199 962
887 369
283 495
782 967
360 746
307 485
112 123
131 51
994 121
957 99
80 729
32 924
258 210
977 474
396 100
605 450
18 562
426 995
724 48
447 907
389 463
257 180
462 255
562 153
802 616
470 730
988 131
702 913
224 48
673 765
107 653
237 726
128 822
741 710
40 140
428 217
33 655
453 570
571 523
233 960
188 28
894 271
642 978
717 302
534 748
276 212
724 714
855 416
806 748
453 860
8 569
446 239
753 491
761 992
544 586
545 487
583 619
75 336
540 702
542 468
69 882
447 166
694 691
739 774
596 645
208 846
285 966
17 360
604 676
525 241
406 570
105 875
930 652
18 82
477 751
598 185
430 287
714 938
731 600
607 37
98 87
106 570
179 138
967 413
196 646
942 293
869 843
649 933
156 746
644 855
302 826
973 925
653 31
343 921
606 1
457 14
64 475
732 943
219 516
805 821
37 411
131 858
261 791
157 710
775 580
430 842
457 872
554 646
918 239
900 942
595 78
771 251
83 162
264 968
180 776
398 148
366 567
681 537
102 989
874 10
250 800
788 702
591 171
427 561
348 899
394 125
569 585
337 713
828 574
281 421
229 39
982 27
97 683
426 317
936 137
727 153
587 810
567 368
94 782
735 117
618 696
226 678
698 368
863 606
989 783
687 535
359 815
240 630
237 143
420 689
385 722
61 673
195 598
789 633
541 232
707 256
817 832
910 423
470 366
273 994
665 820
207 617
497 422
725 492
947 862
895 572
697 13
173 730
93 812
820 327
162 273
532 563
259 49
433 454
930 882
329 309
662 721
314 579
207 316
500 298
688 928
302 224
766 517
308 546
861 783
499 754
676 356
880 791
597 742
836 610
876 355
736 438
989 28
607 477
258 444
866 546
193 657
675 309
469 964
699 427
331 815
251 365
427 684
45 117
837 489
292 978
974 146
551 670
80 419
732 64
128 254
768 782
57 313
475 70
703 726
778 251
546 143
696 608
596 623
571 91
76 450
295 160
367 102
413 53
986 489
64 930
77 302
169 561
828 800
416 374
366 510
307 972
364 747
626 18
114 510
349 612
833 404
227 165
484 732
88 733
655 215
325 720
234 935
977 981
155 305
193 102
947 781
341 38
950 896
679 322
296 377
356 613
393 501
692 255
575 642
322 548
86 437
913 143
877 342
680 686
734 481
757 896
829 19
207 355
959 688
364 318
494 969
558 962
761 310
980 16
800 374
840 675
629 503
994 180
271 772
799 461
305 953
583 298
758 405
199 541
41 903
779 832
687 376
896 975
908 123
505 722
396 423
571 275
864 263
896 792
154 209
728 758
909 927
772 964
611 643
499 413
176 904
762 53
451 286
271 555
348 142
673 577
270 753
987 353
936 421
629 988
982 566
63 794
307 720
600 109
760 788
409 592
837 624
696 636
345 594
966 796
453 871
178 63
998 397
711 700
694 906
808 997
608 311
665 688
246 525
262 806
211 826
30 258
103 888
986 124
270 301
436 93
4 889
809 231
12 904
808 771
825 171
386 886
21 950
14 161
298 380
544 380
709 862
436 482
947 918
397 457
364 124
91 732
701 155
304 735
450 629
714 774
259 9
188 417
253 645
115 732
667 53
32 524
145 291
455 522
24 908
901 4
706 580
268 47
487 437
236 763
54 404
222 930
614 480
890 661
299 312
240 752
16 175
456 422
974 808
940 648
851 31
687 397
600 285
619 459
487 667
272 328
935 903
393 548
672 809
379 671
677 675
769 129
185 970
77 364
317 239
802 843
469 655
346 383
733 865
271 198
976 986
898 16
498 402
315 712
63 830
10 182
871 983
9 502
879 518
871 548
487 863
453 859
424 827
940 355
872 441
506 603
323 355
53 22
926 592
549 292
831 27
190 145
191 184
285 163
630 643
997 631
126 956
470 464
629 214
275 226
848 224
186 907
209 538
411 994
468 753
251 227
164 746
312 861
990 709
518 765
497 359
743 838
148 424
565 318
967 245
610 921
388 353
264 175
801 408
288 309
143 761
700 650
135 697
320 198
857 993
41 373
198 219
734 441
48 204
679 616
390 777
9 590
801 762
583 846
666 296
95 502
889 417
118 829
102 406
19 786
478 405
364 896
710 96
782 621
61 901
953 813
573 312
240 190
6 603
500 100
882 837
728 831
639 43
516 584
810 813
225 283
941 197
117 712
611 731
958 747
764 590
447 354
505 853
487 925
492 777
128 130
347 54
607 956
719 790
637 425
983 157
786 699
414 136
811 788
668 699
355 656
229 183
12 739
530 940
953 203
402 707
789 821
665 767
668 554
194 161
51 728
180 508
57 111
424 934
834 881
90 481
315 663
129 699
630 751
406 997
248 921
483 18
302 698
674 857
665 455
990 743
699 758
400 376
561 745
691 646
865 655
95 22
541 152
122 144
251 380
515 613
922 609
351 201
833 90
317 105
321 878
982 357
450 303
805 404
273 3
311 591
458 1
496 468
739 400
596 495
635 323
654 203
469 399
770 988
53 704
572 336
663 942
723 537
639 280
624 47
606 83
37 348
404 689
386 68
683 742
813 683
575 988
321 569
657 455
624 190
698 669
606 994
59 365
885 41
443 10
706 908
283 613
175 435
862 283
922 84
617 596
961 762
504 123
931 926
166 877
931 111
791 491
831 526
188 540
196 119
548 539
37 865
884 132
263 406
603 724
824 679
220 284
662 495
163 345
906 949
870 322
198 923
508 7
695 365
781 900
957 519
116 972
873 207
637 62
394 368
342 410
162 244
272 860
630 809
594 275
298 980
464 500
82 575
820 881
518 8
953 909
388 229
314 410
47 544
102 624
863 706
521 133
647 573
707 366
446 390
263 820
657 581
164 723
950 534
38 252
683 233
563 955
182 514
929 809
624 655
995 56
770 670
130 737
386 663
578 227
763 165
342 544
71 162
437 788
741 135
761 324
120 572
662 754
849 921
611 198
546 923
779 862
514 445
354 462
277 449
4 399
279 359
275 80
696 888
788 819
457 197
946 778
96 755
351 737
546 893
737 14
832 806
546 748
968 294
54 831
768 378
889 804
284 816
591 253
719 936
581 951
418 61
43 456
570 427
788 486
718 99
450 915
157 241
622 511
988 765
989 596
125 531
6 510
462 716
66 269
67 252
893 184
986 458
303 360
720 274
481 770
759 723
797 434
157 19
267 639
125 927
553 950
312 100
935 4
459 215
835 368
229 929
251 105
722 738
281 984
415 841
274 115
347 683
187 830
65 158
911 973
488 583
644 200
204 839
653 646
31 758
640 575
454 251
860 922
114 596
706 304
196 838
469 470
108 122
93 458
956 968
259 8
65 297
891 741
123 607
417 896
239 849
629 345
758 119
283 271
585 899
838 98
643 63
24 909
405 272
226 463
906 651
27 770
871 445
968 443
918 86
760 262
957 692
762 348
12 37
784 22
378 613
899 385
621 100
945 229
343 330
879 628
898 181
607 677
403 722
757 328
542 636
673 755
525 370
429 285
983 922
766 30
287 899
651 164
768 856
862 924
228 888
447 478
30 50
608 246
152 92
355 631
229 146
121 889
747 733
608 795
414 828
788 105
534 605
29 729
868 831
834 763
691 798
632 82
871 692
394 264
471 298
920 976
9 215
707 896
857 443
964 505
574 888
422 453
581 871
946 707
801 528
146 507
771 290
725 357
392 7
138 535
602 16
394 765
588 227
570 626
385 918
540 862
744 801
48 872
657 926
17 511
515 520
143 331
271 390
39 909
195 805
239 39
549 873
952 797
917 789
386 863
278 337
669 640
854 276
213 772
730 414
808 316
992 585
317 806
744 622
27 9
965 650
208 990
537 915
735 784
335 390
743 261
466 307
88 321
326 207
109 725
93 240
934 526
25 336
582 28
269 869
720 993
865 8
59 177
900 537
975 71
758 893
580 629
103 136
508 568
206 866
738 489
10 486
908 403
784 129
750 812
21 230
131 634
480 328
278 767
396 590
551 666
254 238
720 670
903 25
120 270
343 159
336 294
394 202
141 879
823 887
826 201
665 333
495 486
802 86
792 610
506 525
693 359
825 919
128 417
518 831
262 638
823 533
830 275
480 867
365 692
928 503
582 932
470 386
757 210
155 678
906 466
456 705
677 533
735 291
203 146
371 693
333 523
887 100
781 567
907 964
294 319
809 822
833 168
354 124
891 847
583 909
804 590
727 853
443 702
151 225
724 293
16 300
677 169
273 147
261 41
260 943
248 453
815 63
250 287
490 270
622 559
689 612
980 109
411 442
106 830
966 72
130 94
131 811
282 389
249 846
323 563
805 983
130 241
723 178
53 151
598 758
124 957
127 826
719 38
724 840
49 112
533 630
713 217
573 310
954 213
681 635
210 197
104 576
374 880
638 29
212 4
694 275
31 211
152 246
595 842
667 681
580 158
263 226
357 3
379 567
569 619
860 190
682 714
132 687
156 128
777 598
320 903
163 427
559 860
985 923
622 480
977 838
38 561
741 510
765 488
610 256
142 755
324 754
848 508
756 919
121 930
530 552
949 18
950 757
916 333
958 192
320 724
265 117
539 651
242 265
632 641
744 91
998 848
70 531
531 991
553 635
70 744
887 72
770 362
449 18
805 341
349 354
768 476
243 830
212 311
731 533
109 857
478 670
717 538
188 296
302 288
342 545
532 721
888 979
226 198
65 332
529 445
107 201
17 225
516 205
420 620
369 726
871 267
28 487
639 319
127 107
808 131
538 945
10 717
321 516
456 120
145 726
753 569
737 924
349 430
296 838
356 235
86 270
124 850
552 23
239 387
940 678
230 66
27 656
469 998
495 858
22 350
957 625
137 928
390 274
263 32
189 898
784 201
54 943
911 822
440 623
759 878
29 739
567 103
237 640
112 843
439 912
851 464
210 312
711 920
68 942
451 62
128 75
84 283
276 51
370 178
578 975
384 916
423 760
246 912
180 262
643 934
328 529
773 279
480 956
48 656
471 758
788 180
220 950
299 289
458 386
590 491
369 37
441 688
795 513
282 756
138 624
30 546
588 248
379 449
369 182
316 923
759 97
961 426
463 833
694 152
92 882
734 673
645 144
999 519
178 871
387 49
766 240
786 505
865 400
350 456
795 77
154 383
62 604
999 997
771 484
979 265
652 417
270 606
516 304
991 726
118 838
603 802
516 455
535 101
386 188
586 143
163 82
71 709
55 192
166 859
281 3
144 261
897 857
182 205
628 437
339 482
802 982
784 309
34 332
343 314
506 788
175 825
646 862
298 760
319 130
51 800
305 496
147 501
718 124
284 682
376 571
397 837
159 634
661 228
229 226
301 661
377 884
29 899
579 52
877 839
824 301
570 785
741 232
639 861
910 351
270 190
240 483
114 260
367 586
351 49
184 170
169 186
955 951
830 33
359 635
51 186
35 769
644 173
759 250
929 577
696 180
736 865
257 696
240 699
503 553
643 380
19 566
408 683
532 48
359 430
966 210
630 111
196 601
330 259
295 791
922 975
839 902
992 775
663 436
210 956
876 393
680 164
595 83
724 821
276 294
149 16
206 596
832 670
543 160
390 117
618 114
260 453
556 188
774 271
907 426
360 429
87 74
513 23
168 788
831 347
124 461
234 541
987 73
474 44
630 963
63 50
958 820
674 117
878 141
863 603
367 904
66 485
485 509
432 711
293 650
795 600
541 116
65 827
798 861
14 236
198 594
18 147
722 683
318 166
428 802
892 287
765 519
658 323
476 746
994 363
649 156
946 454
782 96
198 283
972 310
956 659
406 692
248 744
377 452
395 677
307 433
326 511
40 788
412 716
344 170
728 80
841 343
53 895
115 662
795 418
745 755
28 563
122 338
430 139
434 886
280 624
244 161
391 78
818 208
421 989
174 255
983 639
750 862
822 699
110 761
515 193
864 493
883 443
760 174
281 251
690 361
837 470
625 772
849 392
330 838
283 818
487 562
802 175
115 67
336 372
765 133
882 419
745 105
410 802
804 517
996 262
684 252
703 800
462 758
703 604
926 65
328 758
313 700
521 425
629 648
376 738
674 153
161 458
255 830
551 253
593 514
426 62
180 65
440 238
42 110
668 302
579 157
375 486
786 865
768 508
59 855
49 779
216 260
127 470
212 234
517 96
611 413
260 223
356 608
425 937
491 403
283 7
781 316
305 579
251 395
720 689
29 380
830 987
407 126
818 771
347 919
587 194
383 111
311 450
168 84
518 884
689 566
982 609
452 660
606 77
303 933
938 523
353 57
649 628
154 58
373 182
943 894
265 867
817 76
839 953
19 844
124 851
490 5
147 287
645 785
852 299
475 360
827 255
810 995
29 625
837 458
729 721
205 654
842 464
715 930
475 153
612 974
974 237
557 59
704 401
483 690
258 195
197 956
823 920
152 211
280 8
618 74
980 693
160 750
271 714
664 174
883 34
868 694
465 141
600 832
59 475
574 608
172 269
12 677
106 557
532 796
749 716
574 755
720 314
466 640
453 100
178 691
285 845
803 912
364 714
716 439
365 31
388 106
930 501
661 643
294 116
86 266
108 342
899 911
283 114
776 209
406 380
8 187
118 10
249 201
32 801
143 535
203 264
853 446
583 229
895 215
435 567
836 647
853 303
800 405
684 979
26 37
464 407
268 42
990 283
442 277
645 759
357 902
358 161
278 66
698 962
861 22
789 489
516 599
245 753
16 817
163 34
241 774
462 114
45 186
965 377
932 374
103 975
85 878
807 475
898 469
331 851
832 593
427 919
450 300
710 598
897 235
393 916
731 242
864 977
494 12
77 988
817 493
592 731
693 35
641 762
810 802
851 811
800 791
692 493
964 522
752 560
76 122
467 591
964 665
403 651
886 990
715 226
950 847
221 629
648 169
356 568
658 126
701 188
848 912
443 660
945 44
190 675
653 825
856 443
359 344
537 992
274 646
991 279
409 405
467 139
52 567
828 144
757 292
340 490
399 999
255 249
644 738
349 100
500 240
766 719
724 915
534 209
383 261
790 79
685 283
387 744
666 918
783 846
533 935
954 332
477 369
580 390
687 418
147 879
654 729
822 480
801 245
718 268
756 199
996 598
229 321
780 855
33 574
76 756
148 217
167 655
315 376
499 199
708 497
211 699
910 845
767 598
146 902
627 195
354 869
872 762
500 731
194 922
150 645
100 464
266 398
530 691
608 259
66 371
103 812
17 925
975 745
842 940
310 590
189 631
725 549
673 74
215 711
728 256
981 210
171 264
860 655
511 717
152 630
299 761
122 812
982 414
485 734
549 553
161 760
398 255
937 271
791 636
481 667
777 470
655 413
361 796
970 449
643 445
839 33
956 771
192 500
813 902
669 610
933 122
805 98
649 974
400 28
688 121
809 240
648 306
64 425
763 617
925 826
364 500
383 424
455 975
793 644
187 405
425 520
46 88
84 779
512 812
771 221
424 398
512 987
714 273
182 283
9 489
851 216
998 89
447 685
804 226
788 751
58 396
422 869
794 312
813 108
428 14
84 600
983 860
20 960
497 565
564 773
710 527
345 713
91 509
222 130
81 942
941 345
245 892
285 469
915 962
560 471
150 673
998 485
267 967
397 908
275 464
665 758
422 289
775 359
104 30
513 796
875 180
755 289
560 273
156 324
893 499
185 300
721 290
118 402
797 205
963 765
143 495
91 982
428 775
825 365
916 540
829 333
540 896
133 342
155 418
691 276
618 860
583 994
181 634
574 227
874 857
305 578
363 760
941 599
952 983
627 855
214 338
478 167
364 599
979 510
737 688
495 672
210 720
266 718
193 422
13 115
92 684
202 444
115 629
866 903
779 516
140 122
435 526
432 312
490 2
845 652
796 668
600 261
36 126
896 518
325 340
419 147
556 464
614 218
29 624
653 406
547 239
50 941
698 769
211 461
498 283
462 390
928 774
310 202
647 201
239 636
872 675
488 172
2 554
578 973
367 541
48 436
695 370
55 723
501 859
983 55
796 653
533 260
755 140
441 980
795 741
171 79
229 540
453 901
627 326
906 522
572 614
617 316
802 342
785 420
535 876
863 291
526 913
263 789
364 858
772 497
385 911
251 328
397 372
240 167
477 646
459 903
812 897
283 117
247 828
339 276
736 839
164 464
900 492
249 200
588 815
335 318
283 403
586 344
127 184
535 385
41 197
922 838
452 649
537 549
232 602
552 328
330 380
419 371
704 161
407 720
11 779
291 107
310 261
799 943
6 514
82 156
528 14
145 978
367 333
445 268
634 512
466 142
15 966
340 907
662 328
204 890
208 473
595 151
872 624
391 994
654 796
825 670
404 31
63 826
484 205
693 415
971 725
863 835
738 772
423 418
587 773
328 672
242 26
439 660
193 30
323 359
815 642
561 999
673 173
711 557
267 668
217 793
329 887
440 56
167 191
977 887
845 850
947 683
160 183
587 752
532 343
554 267
627 723
310 653
709 921
886 940
541 31
579 852
392 10
364 958
312 865
791 603
593 688
133 285
304 913
948 182
92 848
934 65
863 37
744 691
600 680
305 569
485 923
754 468
304 767
247 945
565 476
342 623
201 841
978 627
226 140
304 590
122 461
505 451
508 998
473 541
562 453
174 7
981 509
942 8
729 509
734 402
865 13
205 612
847 405
278 912
762 383
214 786
968 274
272 281
934 751
120 51
860 836
729 671
767 883
73 323
1 238
404 221
277 73
555 470
48 143
966 559
497 520
760 114
851 285
64 953
512 653
916 231
883 108
727 295
137 369
566 99
287 646
647 422
724 747
194 778
105 381
158 241
253 301
989 665
223 405
354 580
893 381
470 22
243 408
214 43
289 320
626 235
790 992
792 361
902 786
815 535
781 675
431 286
1 130
113 21
829 695
544 329
462 852
319 757
268 585
160 66
558 816
289 418
825 336
826 763
863 635
868 274
635 121
318 387
436 422
735 194
293 123
739 7
136 442
653 715
269 194
877 365
331 265
153 601
827 553
370 916
336 779
226 144
744 589
875 229
457 92
316 385
500 166
174 35
981 401
250 397
754 813
442 347
334 293
836 623
898 102
644 598
723 183
210 926
616 933
215 467
490 190
404 770
723 36
392 842
745 444
484 464
727 628
345 814
16 890
954 208
870 100
984 935
640 406
162 447
642 885
750 113
573 683
150 580
483 745
232 295
125 36
748 568
81 198
673 922
306 977
950 430
642 919
129 840
968 584
673 779
160 930
16 710
551 878
241 940
405 604
566 361
273 534
203 853
534 907
42 477
635 950
138 968
412 255
195 761
830 413
407 436
190 60
963 764
507 168
806 154
901 190
532 38
138 554
341 33
624 643
864 650
313 576
729 651
354 172
913 422
213 231
144 946
735 38
493 695
351 809
549 814
628 873
420 150
957 89
28 371
800 284
669 902
133 203
787 518
708 298
644 901
614 671
207 287
931 755
788 840
36 981
574 429
387 261
926 954
988 407
221 96
245 362
746 705
254 212
343 717
474 908
325 571
676 123
475 362
921 116
651 303
896 438
110 522
880 613
737 236
242 642
777 661
922 342
358 372
505 928
180 636
194 592
176 235
436 661
327 184
516 945
855 556
731 232
841 632
471 429
95 513
560 464
194 882
159 528
18 420
77 903
464 468
281 642
873 824
857 419
135 415
218 239
955 718
60 370
20 392
705 640
407 472
302 758
104 281
782 316
489 833
347 687
385 910
902 629
201 665
528 790
265 368
583 816
182 971
221 623
231 410
912 516
454 255
866 215
499 994
778 897
563 173
800 201
499 988
144 813
986 556
37 62
916 791
635 271
856 80
834 447
239 861
993 329
27 873
156 855
231 201
254 314
951 752
524 870
762 233
172 941
249 922
358 212
801 819
666 699
314 870
575 865
373 313
514 191
272 318
755 529
93 906
535 215
44 338
67 755
973 82
349 337
150 290
393 559
671 900
694 866
178 113
23 641
10 288
930 106
654 797
15 529
417 290
492 802
163 770
372 404
68 140
454 386
401 758
627 150
485 228
858 334
731 244
659 403
622 561
560 508
326 146
871 688
323 358
507 389
199 459
759 691
854 365
398 455
915 219
981 870
360 880
787 21
677 772
91 529
238 992
259 317
117 529
597 295
252 516
515 524
244 660
429 518
781 497
88 952
195 892
786 73
439 491
218 519
183 571
990 953
627 865
151 217
64 161
598 290
621 131
4 301
835 829
295 822
202 98
226 380
447 836
61 602
66 661
602 963
128 684
791 143
867 509
927 351
606 922
827 356
598 665
193 655
234 53
76 784
112 601
420 354
371 244
923 605
945 5
948 952
537 467
18 367
429 381
654 846
306 712
111 879
444 498
86 571
511 496
377 619
336 282
229 33
323 36
327 596
846 144
75 659
289 101
769 307
755 214
426 182
393 7
285 17
531 745
894 527
660 963
203 227
398 419
756 603
588 220
800 821
13 568
14 243
181 834
402 113
395 8
212 680
783 165
270 8
553 684
184 329
829 295
77 514
868 275
433 542
584 938
57 558
189 57
373 780
355 305
504 597
305 548
13 875
341 366
566 889
143 728
863 169
334 921
740 676
198 56
662 747
258 229
847 677
400 30
554 947
776 457
546 995
728 962
14 585
940 559
631 592
496 917
45 990
403 713
343 665
328 174
258 297
831 676
577 525
357 813
742 645
606 656
846 419
188 537
157 452
689 36
124 671
263 989
270 799
876 654
509 979
974 7
741 280
813 251
319 374
823 806
241 558
862 856
389 260
944 197
176 351
622 484
366 166
506 557
566 255
682 1000
494 202
519 207
357 370
584 266
363 765
534 904
994 953
920 780
506 271
413 337
697 94
830 386
401 250
679 235
69 499
351 10
902 910
626 494
77 550
436 700
503 460
252 588
74 316
331 167
226 83
321 845
677 248
382 630
754 541
956 801
346 453
634 199
751 376
374 458
452 512
493 408
780 326
657 21
110 975
715 283
883 717
280 544
352 823
141 269
749 568
985 925
127 996
794 515
19 849
595 302
634 264
233 401
395 142
42 733
909 442
701 678
852 310
102 189
201 348
883 408
901 793
747 737
975 424
7 394
279 609
379 649
91 317
400 710
21 26
719 951
813 78
542 916
963 353
945 712
733 791
609 297
724 590
618 73
769 89
55 700
725 776
335 732
603 420
556 22
632 340
778 104
228 167
963 44
67 227
103 737
640 89
241 308
273 634
49 755
156 315
747 786
949 114
371 518
782 402
687 230
381 737
555 116
21 944
229 573
640 278
678 882
725 317
502 227
536 982
847 974
942 566
299 592
529 371
639 616
387 53
136 371
88 76
530 95
568 342
273 206
154 379
355 470
249 191
529 413
770 897
364 280
662 659
719 422
776 306
527 595
748 438
135 902
796 988
528 354
451 565
931 895
833 499
850 373
282 505
799 316
475 472
257 141
800 740
794 92
888 431
282 360
871 158
310 394
681 550
811 755
266 804
858 698
768 686
823 72
2 746
561 89
926 339
289 894
626 513
55 275
729 531
153 287
998 321
151 372
875 534
533 68
419 636
612 707
500 625
232 143
731 247
859 203
208 136
685 666
501 829
427 182
302 966
640 37
589 126
179 597
721 78
760 532
621 685
146 357
57 198
699 627
152 750
892 128
68 578
74 515
9 948
251 249
271 294
665 801
669 889
963 580
752 273
991 114
215 627
62 258
725 66
247 770
123 272
485 921
142 154
582 309
50 461
507 558
273 170
174 535
807 557
579 658
698 862
451 755
770 419
861 804
308 932
439 370
510 272
559 45
796 945
962 601
931 650
456 746
292 112
905 654
488 667
396 406
714 105
419 79
555 670
996 883
462 87
780 108
344 526
935 976
330 481
921 130
996 706
600 628
279 568
690 321
16 784
92 43
789 379
166 970
577 977
979 869
448 747
233 139
676 771
507 980
756 113
149 141
724 535
798 378
510 456
613 313
299 161
415 326
380 972
94 870
349 575
150 664
686 574
284 650
695 436
205 136
208 116
211 779
103 809
725 94
312 178
994 914
722 389
127 329
172 614
800 711
621 657
693 4
971 430
457 341
864 734
318 219
563 333
808 705
351 17
942 908
445 204
952 822
568 65
332 322
388 444
454 181
570 642
476 661
437 905
152 791
557 51
322 475
325 936
654 224
406 291
649 866
451 862
13 251
749 305
24 812
170 534
601 458
433 328
144 133
701 860
899 119
170 953
446 105
391 467
912 250
842 119
606 996
771 177
149 749
279 382
447 968
123 888
250 202
718 589
934 702
224 145
802 15
173 40
727 641
283 1000
529 784
180 836
306 395
549 956
261 645
957 616
410 413
124 553
766 456
791 481
81 794
637 357
250 847
236 878
457 623
367 500
314 224
780 965
925 910
231 549
343 111
823 801
439 568
318 699
211 969
238 498
739 651
601 686
376 631
214 363
90 173
708 773
413 447
254 715
275 66
150 902
9 18
835 154
998 762
587 557
437 346
705 698
172 729
854 5
469 105
751 647
610 633
155 310
886 680
912 651
877 45
808 588
75 127
203 2
574 23
665 793
406 741
674 601
317 985
435 87
53 524
545 448
62 474
122 33
106 746
402 838
924 256
340 79
197 322
913 17
454 994
537 989
575 617
176 579
874 614
122 259
89 762
589 977
273 259
239 680
849 812
97 199
425 728
245 455
822 633
70 242
515 3
806 283
410 223
361 363
322 995
788 936
789 465
24 597
116 767
172 309
634 376
282 277
31 114
183 87
851 249
103 348
90 589
436 625
607 732
901 937
979 797
453 590
149 197
176 237
468 653
366 208
214 143
774 587
307 738
108 660
732 321
238 398
521 632
850 756
100 491
54 888
160 960
143 185
346 55
773 274
858 138
419 782
151 755
6 274
867 791
982 251
747 930
307 817
754 122
569 183
777 386
708 686
485 787
658 391
956 736
60 429
478 100
61 964
908 579
1000 740
622 799
847 638
579 271
875 385
857 910
6 949
603 564
330 54
187 643
459 742
409 445
374 471
545 633
945 501
951 605
199 728
37 141
476 355
358 459
780 363
619 789
804 353
842 60
662 771
455 515
22 162
196 451
406 205
598 593
729 486
253 992
917 703
40 413
519 543
255 670
549 260
996 815
941 218
598 819
840 307
736 228
720 793
148 338
44 227
764 690
871 238
684 275
703 561
345 661
220 339
96 353
663 756
284 560
871 972
584 22
286 66
422 642
918 519
133 821
851 608
138 221
121 771
604 888
389 492
416 326
734 842
214 604
354 558
320 738
602 248
983 325
548 742
695 625
365 110
593 395
816 694
750 35
255 579
812 578
281 958
247 255
798 757
126 995
470 346
536 900
22 659
955 970
188 382
62 259
485 962
431 202
514 682
246 91
146 970
563 139
800 215
2 361
313 856
934 777
383 797
107 148
568 738
865 288
222 871
981 327
726 567
417 791
412 710
615 837
214 934
69 97
73 102
201 57
314 888
162 692
555 823
628 359
723 13
262 379
429 490
845 546
187 216
154 899
211 718
430 556
345 832
499 315
759 813
671 11
738 121
343 74
780 945
730 708
217 559
163 945
510 600
108 839
295 897
4 538
811 154
849 99
228 120
492 529
967 535
402 845
207 930
427 290
930 189
958 185
263 713
360 878
342 194
199 207
910 106
407 221
883 733
192 679
742 675
162 268
566 605
739 187
591 954
272 122
985 31
570 643
578 150
136 445
990 356
766 851
205 916
936 324
478 207
355 384
526 25
767 335
697 621
205 850
520 146
503 697
416 635
115 529
164 201
573 115
601 378
931 681
235 212
44 499
330 288
168 155
794 243
351 650
874 293
487 869
71 763
130 203
793 825
278 947
74 935
399 741
537 316
205 662
795 256
405 52
633 171
513 315
162 331
275 536
59 945
46 681
799 992
680 419
720 624
974 5
578 882
888 198
565 616
585 362
859 839
492 868
128 101
220 283
438 326
314 336
855 499
252 164
319 86
778 318
432 954
604 800
623 4
950 348
698 429
722 471
725 596
617 187
212 889
448 559
525 888
38 789
340 757
463 701
462 917
670 222
33 139
627 287
366 369
385 885
617 469
708 536
933 921
181 676
540 877
354 312
616 155
283 252
252 735
194 320
481 563
108 510
860 909
921 739
648 101
260 875
28 223
982 664
895 937
625 189
734 489
457 259
661 957
65 326
598 360
175 137
72 678
434 53
546 914
702 945
533 648
951 745
878 546
242 467
156 601
971 176
537 766
370 665
216 229
231 900
253 844
201 631
79 240
797 805
846 720
598 788
103 206
767 167
693 722
775 882
840 359
923 687
769 189
515 433
441 284
370 508
427 785
634 603
451 151
1 68
62 994
205 412
248 694
928 649
121 757
693 391
77 269
827 321
190 387
210 453
893 192
52 416
915 661
703 835
760 651
579 433
981 621
836 288
252 63
65 964
237 190
788 178
920 874
631 402
699 710
424 756
282 766
137 209
636 123
78 164
549 540
588 246
626 385
607 23
460 321
905 212
688 548
248 549
928 19
30 951
198 469
550 190
94 266
701 290
994 300
481 711
317 57
448 392
714 959
515 674
436 409
537 804
592 287
282 771
800 204
530 93
252 961
589 365
819 73
255 115
58 925
644 868
866 52
848 727
744 394
467 99
875 174
788 879
554 905
879 927
794 43
758 872
995 614
45 915
73 474
491 967
315 117
542 724
852 340
106 18
970 699
111 743
646 566
314 71
442 112
760 235
23 557
754 629
159 189
417 438
492 910
1 55
555 744
771 567
580 333
727 430
414 5
626 575
69 309
837 715
395 360
608 141
437 221
556 101
907 277
216 790
858 333
181 216
219 413
974 287
800 590
447 165
985 582
474 197
631 449
741 129
544 579
290 309
13 640
247 719
911 155
109 471
311 959
111 377
848 73
5 44
597 450
593 283
552 219
562 810
155 320
711 335
640 756
926 361
364 954
820 453
144 622
456 848
991 821
429 515
678 126
430 163
937 48
683 980
79 711
32 606
299 388
451 868
14 342
717 685
648 396
995 855
306 48
647 325
683 754
118 821
505 432
715 293
678 427
28 596
747 84
782 629
676 216
535 135
338 131
728 775
31 164
489 245
14 914
704 304
23 960
409 980
968 357
435 872
849 422
481 252
387 909
210 978
40 355
965 344
159 145
732 117
971 919
573 327
836 203
893 934
738 693
812 76
885 514
786 691
125 141
343 58
608 169
578 561
375 837
855 95
659 432
595 514
190 298
928 415
157 35
877 660
589 96
901 420
940 462
660 807
274 38
494 271
621 288
825 235
365 226
403 317
368 166
457 429
669 938
787 82
968 765
44 298
113 154
464 588
271 483
554 13
972 300
768 427
722 967
83 559
415 532
291 538
791 857
630 163
430 435
527 835
108 185
610 151
813 530
425 849
192 100
211 192
405 108
330 222
820 205
301 335
528 285
990 325
349 67
745 646
619 109
177 210
642 444
326 957
476 74
555 661
945 213
414 272
704 284
304 170
624 483
457 924
276 448
295 484
386 384
704 395
506 62
997 794
737 269
193 906
675 26
736 28
241 594
354 915
867 982
694 133
181 382
309 425
457 766
778 224
211 971
336 392
798 118
836 461
787 259
751 50
530 547
604 976
492 410
557 550
623 229
146 427
899 763
76 40
955 791
596 855
844 348
942 831
660 704
972 114
192 644
657 974
855 935
490 937
161 671
678 932
881 40
227 464
705 986
994 497
84 257
493 691
97 906
407 7
922 671
838 297
985 235
930 828
348 573
19 519
528 255
351 954
984 45
42 514
877 292
540 210
619 811
73 195
31 862
235 179
862 364
301 452
419 9
370 745
442 234
463 336
211 427
837 35
729 682
314 538
201 321
940 812
279 610
90 587
50 424
230 167
767 900
771 619
422 533
978 157
172 228
409 686
671 194
102 700
158 19
654 948
971 812
370 173
870 358
508 35
256 166
846 207
98 74
156 391
711 695
158 205
751 86
555 331
740 197
812 314
330 213
677 893
622 225
808 893
475 712
612 377
756 623
336 146
137 71
656 869
534 794
208 860
427 506
929 860
593 38
735 352
882 788
994 698
646 467
798 914
411 910
252 764
230 700
273 929
153 763
505 200
251 316
749 469
330 933
60 286
557 974
299 994
356 657
98 303
787 953
917 874
353 381
193 276
142 479
828 138
810 397
226 340
690 231
359 16
126 485
736 553
18 552
360 198
274 958
939 898
723 789
705 482
652 303
54 753
456 320
738 362
250 241
493 403
199 341
727 730
912 83
638 470
434 651
951 402
440 820
85 576
661 81
519 686
461 674
478 704
728 731
743 215
760 236
443 296
742 396
779 402
263 125
357 866
374 768
983 914
286 166
644 451
721 647
228 721
81 864
262 191
817 180
546 490
929 466
343 416
652 179
845 798
917 113
663 621
876 864
203 674
794 543
357 469
953 889
445 594
856 807
623 63
669 163
542 435
502 668
866 355
285 186
893 453
204 188
60 766
77 824
7 589
323 392
695 732
20 424
721 365
905 102
82 801
88 670
285 988
549 575
968 706
290 946
521 233
800 11
255 675
41 505
929 889
189 17
173 748
47 183
566 657
606 322
763 74
810 335
191 756
639 414
550 389
458 101
922 820
598 401
178 100
142 443
143 998
558 771
856 223
268 117
121 436
245 445
93 869
214 932
452 889
70 312
589 872
704 130
21 878
653 247
231 975
40 266
900 912
855 620
64 656
373 394
124 512
766 467
89 835
185 636
811 720
978 67
524 251
193 951
141 645
286 45
915 575
128 155
339 726
77 152
155 882
894 337
721 909
25 950
855 550
661 580
837 575
932 965
350 642
404 286
445 630
214 189
824 353
238 55
648 527
540 613
318 79
142 825
569 19
74 979
860 534
419 968
848 54
142 936
750 61
769 578
204 161
226 873
43 869
190 916
707 266
88 890
414 88
787 162
991 194
207 627
769 127
708 736
210 626
100 624
856 494
792 810
408 799
80 524
306 66
235 936
231 264
951 534
689 682
477 888
31 980
951 985
538 472
350 282
761 145
559 450
762 186
451 609
823 457
827 898
83 106
780 444
430 253
16 81
568 990
11 854
837 78
159 86
385 61
168 443
187 137
935 319
286 367
16 895
210 189
90 999
823 688
989 680
487 243
910 819
536 356
681 797
521 752
261 309
337 87
15 762
682 581
424 877
445 553
287 358
214 366
146 646
590 245
683 437
156 467
983 414
769 652
340 458
402 943
266 70
8 330
82 967
964 569
477 608
955 790
777 26
906 510
804 805
790 880
539 560
649 80
320 458
454 773
401 143
458 328
976 152
597 219
299 616
471 814
882 723
424 455
297 95
631 972
490 584
677 228
662 536
807 609
331 296
408 891
373 925
563 197
362 398
1 764
734 126
739 260
278 128
26 345
615 681
636 644
639 295
435 487
168 234
406 36
175 489
782 643
508 666
916 120
128 616
51 579
171 842
603 847
419 8
177 201
662 55
353 653
598 901
983 905
569 941
162 365
915 665
646 731
175 813
811 937
774 670
383 799
612 555
901 46
211 998
565 763
12 717
986 288
471 424
50 783
561 876
446 254
581 609
983 461
474 239
493 193
848 464
599 29
910 728
843 727
152 25
355 945
910 331
786 813
604 548
532 185
627 765
479 16
132 151
445 128
18 244
801 168
948 41
812 1000
501 409
247 133
300 203
363 392
168 419
848 796
481 709
320 325
1 830
277 665
705 86
796 139
249 210
891 783
979 761
188 443
465 858
925 986
623 813
554 996
633 805
528 727
698 747
255 194
610 463
258 88
127 912
151 263
870 997
942 502
283 695
935 859
58 765
228 863
813 379
904 553
279 419
267 411
782 526
452 917
823 166
699 380
37 637
258 378
116 73
394 889
980 498
728 587
103 381
611 419
236 802
831 585
98 863
356 609
690 699
485 13
768 849
551 638
272 67
337 14
267 807
732 433
570 84
418 201
590 760
884 372
64 881
764 770
731 203
716 669
403 212
591 623
812 392
618 331
380 138
807 135
631 451
673 167
51 631
413 356
505 247
927 655
161 356
60 622
556 683
905 101
281 899
817 849
640 758
694 569
113 252
631 150
317 490
781 411
319 556
658 486
252 513
273 908
41 504
3 714
249 381
784 528
697 532
914 143
438 753
5 750
942 705
212 486
965 736
444 49
815 34
88 219
72 736
969 374
92 739
364 376
130 448
705 348
634 106
549 195
642 295
571 631
18 525
426 970
630 239
325 500
917 720
125 327
623 462
145 551
220 125
421 946
650 588
245 734
562 176
525 316
858 747
163 199
1 224
510 274
702 952
97 351
832 662
300 84
945 905
448 751
115 708
917 35
276 413
472 289
28 388
816 186
584 166
103 502
909 703
461 166
722 204
488 234
949 867
253 438
437 63
241 406
650 384
17 773
403 240
205 132
688 162
337 788
247 265
450 45
12 868
821 458
156 401
846 951
243 414
261 3
982 183
964 454
214 45
196 616
312 37
117 990
616 19
209 483
52 47
290 612
627 693
900 253
994 752
777 78
428 507
991 490
345 76
754 272
11 669
669 857
821 460
273 104
791 746
459 837
61 9
118 218
13 870
771 262
57 674
723 513
64 130
562 641
758 510
250 181
770 978
2 328
64 49
546 909
619 833
467 172
550 693
549 22
507 703
199 669
170 639
477 27
83 508
376 370
451 608
371 441
600 667
488 763
87 279
788 519
220 65
370 594
814 983
72 216
24 283
576 344
282 637
45 251
546 416
951 251
2 686
538 780
44 53
742 673
64 923
998 178
768 793
723 173
721 863
447 25
548 500
487 776
347 157
713 778
578 531
228 136
321 506
358 575
3 966
632 428
9 133
765 336
927 545
821 46
218 21
561 683
220 939
632 539
725 706
119 215
284 392
693 100
754 82
366 372
854 25
253 801
734 547
350 846
554 290
336 605
435 42
381 826
772 427
299 619
854 251
218 585
278 423
619 527
752 172
493 578
635 377
601 441
585 540
966 131
126 636
161 872
919 27
188 7
26 166
961 769
250 312
322 272
737 826
165 817
476 736
675 764
934 591
611 942
297 538
46 127
430 798
452 946
453 135
561 342
175 718
970 642
720 817
920 403
483 813
889 818
84 532
823 445
941 434
15 906
586 882
453 441
884 115
722 114
229 386
362 869
258 552
480 760
284 552
157 342
984 824
419 583
628 239
367 133
464 172
513 87
343 252
733 564
799 838
506 586
902 707
575 134
8 664
725 629
707 22
947 551
309 222
646 183
459 870
354 954
782 407
929 993
203 196
939 200
133 145
652 903
131 496
170 406
776 201
674 518
696 50
19 327
937 328
22 634
904 31
490 538
952 779
112 24
649 813
498 749
670 757
620 320
296 126
313 832
813 967
5 538
303 869
273 338
531 353
45 750
505 409
639 218
491 154
637 997
602 920
1 505
171 937
889 236
835 848
693 804
435 736
534 188
97 449
79 209
871 389
922 261
67 646
733 197
96 246
693 279
387 803
798 169
64 596
233 35
31 368
148 188
944 51
393 819
964 190
902 124
945 735
133 834
176 491
218 90
904 511
66 406
358 854
87 268
809 550
920 841
228 422
88 753
716 467
76 114
369 248
575 408
997 502
213 71
778 589
657 916
394 882
700 558
5 348
201 737
520 107
95 197
903 792
970 434
822 872
895 866
252 992
18 872
592 397
136 739
191 839
947 157
587 130
222 875
539 39
247 684
766 612
303 750
453 61
625 420
398 726
741 810
639 79
571 487
366 737
202 334
793 801
421 544
29 251
46 439
818 180
968 281
469 820
958 226
537 292
934 742
684 717
667 953
339 280
589 584
903 130
962 858
45 150
158 847
585 240
119 654
543 56
355 942
305 442
77 150
663 627
997 965
391 844
774 151
873 216
357 503
233 825
200 398
539 923
447 603
704 878
65 528
997 167
247 264
786 592
642 684
78 546
651 646
800 732
968 514
314 995
663 582
942 806
156 239
982 39
711 415
34 527
623 307
443 205
829 688
609 379
65 163
952 229
592 188
847 796
562 604
790 692
758 376
765 864
507 592
182 804
719 10
520 7
207 403
652 572
818 788
967 373
515 780
952 946
610 146
504 825
221 484
187 316
539 3
117 51
853 751
47 280
658 911
936 245
6 675
814 250
292 987
220 211
168 585
222 609
745 532
407 529
215 488
205 658
280 791
922 202
617 894
681 583
563 724
340 603
823 30
805 575
719 985
797 639
301 784
304 60
638 11
146 145
167 683
613 503
466 992
158 58
345 721
458 976
907 5
663 919
483 639
587 885
513 74
826 243
534 323
156 446
963 54
985 530
972 824
1 804
617 191
446 83
357 380
33 30
878 182
916 343
389 177
950 626
330 603
193 141
958 89
984 176
455 65
596 705
8 426
892 308
722 791
796 50
299 618
322 393
325 998
695 968
274 292
350 75
435 203
241 75
990 123
682 328
64 239
273 200
911 513
456 585
93 364
511 45
314 619
558 974
945 443
468 240
988 511
529 213
749 562
382 165
537 706
520 912
704 93
814 473
410 401
965 106
717 680
343 714
144 388
897 730
850 282
281 45
282 286
780 49
638 325
414 371
400 685
846 278
637 659
84 533
271 575
382 278
989 278
812 241
560 794
188 571
10 311
695 320
11 82
835 805
233 70
250 876
537 62
940 77
801 236
287 402
480 989
152 506
426 249
372 605
363 846
954 819
354 519
933 762
651 881
32 271
820 856
859 242
588 268
54 400
497 21
759 341
247 97
310 697
968 681
916 585
709 834
302 616
530 183
877 12
41 386
369 829
434 243
27 211
193 207
910 26
469 362
986 900
516 117
166 314
939 518
777 359
407 36
532 767
514 338
64 203
672 266
583 220
573 70
297 347
656 975
546 946
946 120
361 552
749 645
73 252
311 174
705 487
867 520
680 35
590 554
455 911
244 226
447 527
874 377
196 269
932 409
680 178
55 218
319 745
814 925
675 505
489 174
862 617
645 909
392 777
323 787
90 554
732 109
408 793
20 785
519 329
975 315
430 60
103 460
128 178
188 944
372 60
375 972
918 35
718 74
846 572
342 366
868 220
4 547
138 169
342 473
513 803
55 956
301 99
975 895
599 35
603 164
772 703
186 556
925 455
584 727
607 501
864 679
683 157
428 816
968 709
801 160
181 664
644 256
811 369
886 983
337 316
661 617
181 521
593 569
498 703
246 33
655 305
346 719
143 717
222 78
62 407
767 342
826 944
421 380
459 697
558 919
210 513
174 924
767 295
783 514
413 986
922 930
300 530
282 5
563 940
122 324
219 738
986 818
818 613
19 798
10 651
515 94
766 29
173 62
121 373
567 786
126 230
951 499
274 835
188 925
707 631
945 62
603 550
249 521
128 880
291 412
755 867
370 447
561 494
945 911
690 328
115 113
353 548
64 945
393 733
638 127
309 337
681 806
816 11
902 89
7 895
964 290
507 457
23 701
176 392
493 135
419 892
132 355
868 85
271 696
445 996
856 949
401 390
592 927
369 10
924 886
321 175
194 87
15 167
643 646
441 758
575 447
581 862
480 455
378 155
820 54
894 867
697 293
924 20
941 272
29 440
397 436
972 296
39 579
653 707
395 735
930 788
805 408
477 887
726 650
840 805
801 545
934 839
258 252
114 994
695 289
613 333
468 221
732 610
991 643
136 623
340 279
749 589
697 850
495 629
166 703
850 420
667 870
106 180
822 518
662 959
607 174
262 457
887 880
709 112
837 75
784 73
805 941
684 690
386 493
723 44
524 11
379 738
675 433
487 727
260 941
479 484
666 212
135 123
211 753
486 277
288 537
609 262
632 97
742 218
210 331
30 230
91 500
875 238
457 738
155 851
63 890
360 499
893 55
234 468
533 390
321 502
186 706
848 187
523 176
816 902
694 955
532 66
237 836
474 22
682 979
938 377
385 623
890 862
446 80
531 679
360 145
581 437
163 321
354 467
760 594
527 382
90 457
627 738
81 499
299 335
781 767
907 908
497 968
89 151
273 808
184 253
296 471
367 843
887 93
49 769
484 592
269 316
397 327
251 975
383 385
388 414
27 246
857 11
964 873
344 114
491 261
256 824
613 590
381 576
839 252
227 364
247 625
965 678
947 167
107 194
370 944
701 108
689 556
687 41
746 535
139 591
305 859
400 113
75 945
314 731
222 800
628 698
425 706
190 670
676 141
269 849
953 768
222 947
164 816
62 792
653 171
423 890
770 73
257 186
75 671
253 824
266 557
352 215
102 7
326 703
607 730
96 236
888 120
158 900
435 981
332 911
668 977
983 232
859 934
343 9
616 22
263 328
582 686
566 35
509 722
113 649
55 554
150 858
391 548
911 285
272 948
437 486
185 117
350 601
901 343
815 753
68 710
587 663
806 476
800 866
649 21
786 808
713 792
20 742
209 553
982 108
561 705
165 270
900 183
792 472
669 878
144 519
520 482
98 210
78 932
209 715
745 441
113 311
187 552
833 30
482 228
946 279
948 505
184 614
442 598
424 53
839 881
786 383
59 898
496 359
799 519
766 590
35 426
903 613
372 251
16 13
770 186
439 5
650 964
11 999
923 472
309 553
864 304
75 699
836 830
33 959
789 352
435 29
46 379
728 590
942 123
404 177
171 742
44 104
689 101
759 864
592 616
475 108
276 107
133 686
261 505
29 845
698 208
200 261
509 773
276 218
865 523
134 8
323 193
877 538
641 228
702 479
729 1
146 717
682 939
802 857
521 495
902 156
541 101
134 453
621 311
837 778
340 195
355 63
446 330
982 392
255 734
22 661
904 174
463 525
138 746
913 288
751 554
41 509
23 309
425 94
243 963
669 739
839 55
787 872
790 537
146 971
528 520
772 131
899 165
192 29
800 348
395 912
843 970
752 69
74 81
166 513
945 450
359 48
529 461
62 833
176 656
249 958
675 694
141 334
73 104
918 14
851 89
249 815
802 559
894 153
605 218
510 134
542 565
814 958
192 473
619 418
438 82
41 740
448 738
675 101
813 143
101 141
258 214
327 959
310 139
955 484
767 641
358 434
893 18
548 467
676 744
492 653
403 132
156 108
738 801
656 610
409 539
138 251
967 636
411 578
95 577
963 118
578 701
225 835
523 228
262 840
502 589
515 927
655 803
638 681
967 525
716 275
475 647
367 925
483 176
636 474
602 166
652 327
677 648
518 120
402 982
989 946
665 996
430 462
192 526
350 286
913 482
161 261
643 649
971 308
117 588
85 174
604 670
312 774
96 941
740 334
136 468
878 724
200 987
196 672
682 451
596 715
867 69
653 706
710 509
605 713
517 275
95 315
897 579
689 694
192 970
869 768
430 436
79 855
909 58
639 271
594 527
790 263
993 393
792 972
83 385
505 343
396 34
328 504
326 807
719 276
124 834
288 810
442 211
280 746
874 190
324 147
497 705
258 289
232 626
874 193
76 26
20 859
568 994
59 951
697 84
548 273
849 944
770 311
590 940
115 76
278 518
742 219
910 823
452 285
91 503
459 185
239 55
295 193
208 297
399 941
161 229
938 471
541 91
752 773
518 106
239 370
446 81
379 158
364 586
717 202
720 178
621 269
354 464
228 489
636 510
488 374
786 965
368 284
848 22
87 423
678 846
352 864
557 707
282 535
156 124
503 343
143 358
204 848
614 987
243 778
692 205
674 592
35 706
967 53
860 907
522 524
83 718
249 314
981 233
250 101
910 175
162 296
257 765
387 110
904 836
743 611
303 233
575 918
637 877
784 889
16 403
698 723
321 528
642 490
19 857
224 197
649 754
211 449
874 259
523 699
452 957
770 70
989 114
516 614
520 609
154 803
643 803
138 383
432 16
15 919
785 750
37 679
885 419
781 430
384 66
314 143
133 585
85 704
266 106
450 479
200 234
149 319
975 583
542 190
375 923
17 817
215 50
896 92
327 532
807 270
81 426
655 464
816 931
194 843
219 292
72 79
313 175
646 27
575 131
632 459
355 804
375 185
30 268
252 420
830 837
915 198
982 367
829 432
575 16
138 917
512 138
302 767
251 213
307 167
206 926
365 165
807 850
527 815
77 625
469 135
957 146
950 52
260 821
590 513
908 969
52 695
723 570
602 581
734 458
911 615
553 31
202 119
221 441
974 745
666 294
313 950
101 835
411 449
748 430
254 291
75 604
866 929
560 764
597 831
144 83
832 992
147 637
236 632
3 425
28 339
8 587
107 749
788 570
550 937
738 585
442 122
25 18
478 852
798 503
266 812
750 908
822 489
825 571
20 787
986 731
261 599
530 928
33 664
515 490
826 87
917 124
12 671
834 554
105 254
146 552
789 946
58 172
885 729
924 735
779 196
640 142
569 280
508 92
509 757
169 746
167 83
601 751
48 729
391 523
272 913
955 628
995 419
498 249
650 202
545 496
506 732
833 609
330 526
493 50
593 396
805 950
764 83
603 215
930 445
758 72
191 396
599 259
240 366
117 536
924 50
453 38
709 949
311 633
983 410
250 157
969 745
760 805
97 806
387 422
463 211
9 632
126 443
94 615
724 500
230 341
856 164
505 442
641 968
128 677
790 235
558 887
649 697
197 37
737 976
899 289
331 675
723 165
561 258
129 446
803 986
330 489
171 551
44 303
615 32
512 633
605 74
73 329
221 773
851 182
729 790
471 153
828 389
724 543
530 900
72 414
94 991
20 934
629 614
682 242
656 742
16 152
452 329
441 56
579 510
798 28
730 894
432 917
736 375
823 763
256 355
185 67
719 570
30 309
753 384
147 251
976 97
133 52
741 175
392 242
28 826
485 481
968 517
806 485
342 197
255 620
990 721
520 349
791 352
143 497
401 166
332 378
868 260
670 534
639 603
485 852
288 240
282 978
636 927
605 712
2 469
44 256
23 457
649 874
905 162
359 369
715 409
477 998
574 300
66 254
448 148
912 355
645 527
630 71
297 401
64 420
466 264
946 62
838 112
554 587
793 657
743 173
211 36
284 134
306 304
227 236
893 753
380 548
969 193
534 123
21 156
574 30
615 68
339 313
515 346
755 833
747 485
451 160
824 710
452 143
327 781
864 199
543 127
901 974
832 613
524 363
581 854
965 439
803 420
830 137
759 959
671 357
360 501
234 466
290 448
458 814
543 90
422 717
65 576
413 6
470 217
517 912
792 177
613 39
371 644
815 735
584 307
983 405
661 401
369 91
924 805
318 108
557 79
893 392
414 515
271 190
516 120
539 646
646 350
482 269
681 965
492 182
166 51
224 808
284 170
451 914
1 932
878 262
937 336
98 204
946 414
734 321
290 870
169 15
781 304
855 643
909 407
236 81
916 146
870 579
395 586
473 562
183 747
3 1
350 360
139 577
212 137
255 403
453 97
520 772
378 736
934 579
168 382
345 418
942 78
728 854
455 821
520 610
836 964
505 588
549 505
988 143
880 512
120 117
873 345
41 676
358 403
91 308
219 891
906 889
564 893
195 242
821 969
805 673
989 388
478 923
779 74
525 546
250 282
404 509
777 637
76 259
17 816
125 847
129 930
224 608
579 438
856 849
618 336
410 957
488 437
879 139
574 767
481 796
831 20
100 98
63 126
284 377
656 972
289 149
238 240
76 251
398 96
664 374
143 339
479 31
554 854
946 672
100 983
384 423
711 241
913 314
91 700
420 990
481 728
43 561
249 356
990 380
82 546
640 525
19 440
502 225
327 361
86 954
536 765
22 856
813 963
465 861
9 579
838 414
269 913
917 997
738 2
576 169
871 290
572 839
232 674
399 919
554 624
386 30
409 167
374 713
644 684
766 735
913 791
698 615
771 241
525 68
837 112
92 306
197 209
272 296
440 826
40 276
425 594
480 459
94 570
724 806
215 429
773 133
156 172
723 486
426 874
175 863
234 249
825 570
110 556
699 81
543 64
603 765
585 346
452 199
937 929
629 897
635 716
372 414
245 904
309 491
717 478
516 927
918 543
607 551
449 760
285 402
547 867
713 591
860 490
739 715
893 366
642 708
755 739
95 764
449 282
233 611
863 763
691 522
214 117
682 203
554 465
829 680
8 406
338 901
707 276
472 195
237 445
934 493
193 63
549 650
435 102
329 559
672 75
601 219
179 109
886 244
672 442
925 520
657 170
990 54
572 516
373 80
193 458
550 270
164 221
764 677
210 655
176 515
545 654
280 858
783 700
915 480
893 775
150 11
598 629
693 915
322 944
434 726
73 110
930 96
334 327
136 852
253 781
851 737
883 426
41 601
845 307
546 550
35 55
201 259
440 581
496 833
249 527
625 996
846 508
974 49
958 666
785 884
495 391
579 336
708 116
177 708
147 284
765 470
381 493
972 784
111 196
169 709
564 506
199 957
786 588
275 49
4 657
360 199
752 761
734 953
644 449
38 880
151 563
946 665
855 811
677 519
660 811
240 316
238 795
919 590
320 484
853 198
998 817
565 242
505 52
199 84
256 672
543 498
521 116
668 253
501 348
303 74
653 704
891 861
94 84
832 365
891 714
966 152
820 626
770 943
628 911
719 496
871 277
1000 962
801 663
36 932
888 675
960 112
615 784
146 545
376 375
748 503
417 715
144 13
680 111
239 524
616 769
139 258
641 580
258 396
701 664
558 3
121 278
656 7
361 263
571 372
793 946
666 160
560 995
542 535
604 500
339 986
903 226
673 693
840 194
641 407
399 387
400 611
185 787
937 864
203 396
150 595
79 427
409 731
103 529
695 205
487 836
564 548
82 268
599 785
502 353
50 116
115 364
8 530
940 139
800 542
746 438
490 383
238 106
770 861
232 95
664 492
294 155
556 842
651 678
48 625
656 880
700 797
437 673
935 230
400 96
122 313
804 803
472 780
199 171
660 719
972 105
900 222
740 413
670 480
85 64
731 754
271 351
791 660
249 335
321 938
587 403
606 397
611 25
264 869
394 921
773 667
643 988
706 686
875 301
752 48
790 438
594 719
278 154
763 400
31 950
624 122
379 582
473 674
691 997
334 669
623 151
818 22
71 570
624 201
110 836
150 51
705 392
913 761
40 313
538 216
979 966
127 716
827 10
711 501
314 939
336 559
898 339
202 612
96 239
23 630
287 813
594 53
647 61
462 317
11 167
694 120
876 891
760 804
155 816
410 779
713 594
841 613
741 4
483 492
157 115
509 576
960 816
34 849
642 656
223 359
336 137
815 611
228 399
512 140
90 424
129 764
632 683
262 560
104 260
503 132
622 970
697 497
644 296
972 141
277 961
820 120
227 94
635 77
283 208
985 46
749 61
734 659
295 521
268 667
285 531
865 561
222 86
539 304
909 990
766 915
250 246
87 905
478 286
581 439
966 746
908 184
469 682
733 397
408 490
207 26
706 967
999 78
749 63
819 668
268 174
141 440
810 702
580 407
27 561
797 953
512 927
840 316
489 146
14 809
456 37
607 682
187 183
813 23
651 324
444 734
211 317
249 626
802 1000
876 697
570 380
276 391
392 668
745 242
776 77
563 468
486 464
608 22
24 455
127 373
738 792
150 650
172 854
229 131
581 702
929 309
16 746
975 970
678 603
78 452
613 126
480 854
8 823
569 504
425 943
165 461
887 224
66 2
412 58
360 891
179 289
713 825
735 316
385 886
631 255
47 862
484 644
180 189
540 109
934 482
661 682
339 532
526 232
913 293
649 248
571 961
442 791
408 923
460 492
977 670
908 536
657 792
344 45
735 99
559 209
527 887
287 498
878 537
937 73
919 233
83 377
23 133
724 502
803 274
221 12
426 948
351 665
931 773
988 338
650 999
46 440
642 67
171 537
776 645
637 118
435 880
650 387
132 900
334 102
388 701
244 279
857 875
560 181
420 2
103 637
717 449
496 664
841 408
584 394
324 653
966 852
842 846
510 720
367 809
793 386
996 159
160 769
651 784
125 999
143 248
293 555
259 983
995 449
523 374
816 764
639 918
877 797
769 554
935 253
186 972
66 102
947 659
825 243
41 316
39 281
441 762
532 117
66 153
365 363
316 849
354 156
27 238
528 841
356 626
325 525
821 904
914 90
588 901
671 765
336 860
726 799
473 939
183 528
644 6
26 477
173 602
389 685
175 252
586 309
714 846
292 440
311 460
593 827
939 723
45 672
981 308
936 107
166 325
634 599
373 378
399 974
658 981
746 721
563 829
699 333
718 603
455 851
64 324
887 844
488 624
766 359
822 693
427 379
968 512
847 226
775 769
870 129
504 44
391 120
230 32
620 984
841 925
333 663
440 879
702 862
775 918
867 881
279 711
104 591
693 569
72 784
306 739
805 651
480 722
98 769
104 734
671 214
863 894
511 513
385 321
704 673
618 491
160 591
366 173
768 306
155 964
962 460
277 117
928 580
582 721
622 354
952 330
769 276
882 183
739 514
702 410
24 221
972 50
816 777
146 272
953 96
310 551
856 917
730 114
145 530
894 929
220 848
591 835
351 494
70 512
752 629
753 140
445 230
193 117
333 515
541 332
86 363
832 763
161 512
2 23
143 656
407 630
539 343
317 157
199 131
66 927
986 604
143 513
130 352
402 509
593 918
615 593
579 711
452 523
415 641
311 464
884 534
645 464
920 540
525 186
619 803
526 365
261 710
442 400
724 46
338 289
410 178
598 579
520 295
71 577
952 689
865 208
487 273
642 408
720 920
130 164
663 498
760 361
633 221
106 751
465 307
266 932
802 594
875 872
750 772
514 94
475 358
711 442
778 383
133 561
623 104
112 747
59 980
535 602
985 806
34 170
552 691
917 101
149 203
23 742
816 120
983 228
140 514
876 884
237 514
254 928
402 601
699 789
684 71
225 686
651 918
827 440
195 18
712 136
719 591
122 693
379 206
437 482
989 725
705 626
131 623
930 293
745 215
745 420
436 46
312 116
246 653
934 372
954 542
242 348
904 295
887 140
378 364
307 168
894 812
346 718
284 978
955 952
818 612
468 861
758 266
668 38
264 164
250 21
456 908
737 525
240 35
627 913
166 618
299 986
1000 637
175 199
13 168
714 823
830 806
576 828
938 703
643 158
918 260
443 868
763 447
196 596
782 759
329 77
239 773
731 181
31 826
876 261
496 140
823 270
619 45
453 357
206 796
442 150
119 898
905 970
108 893
314 76
651 327
951 589
671 904
943 759
233 148
487 539
257 420
884 93
372 361
135 447
802 856
231 534
806 816
453 552
688 95
928 686
980 735
802 203
932 602
992 293
955 427
837 579
786 727
402 716
534 621
39 129
578 597
648 275
33 104
731 113
151 696
632 490
108 635
750 446
143 20
271 67
19 26
310 751
21 616
82 902
502 775
324 991
661 568
989 987
955 855
887 144
947 807
568 176
877 90
324 878
455 4
22 681
385 998
730 332
749 32
648 87
316 829
670 584
505 236
805 495
383 247
601 74
70 903
587 43
154 418
744 606
728 67
527 999
994 931
274 523
404 686
95 481
697 10
338 342
84 918
473 665
517 927
340 367
306 282
727 486
19 914
11 761
906 586
546 693
429 79
747 220
241 835
353 861
659 507
224 421
604 274
185 900
186 183
629 833
651 355
409 844
927 246
571 72
755 791
704 471
870 452
35 575
295 217
479 524
943 922
46 629
964 152
713 408
437 56
384 956
239 402
392 407
214 116
546 232
864 644
307 548
609 584
259 841
618 414
812 363
708 788
949 14
385 695
563 743
711 516
184 119
458 634
647 712
744 111
181 854
424 693
367 639
174 513
998 823
748 926
285 952
811 687
877 62
473 136
471 941
184 341
113 145
421 168
385 962
99 66
62 346
339 563
456 885
329 457
769 868
304 825
178 222
476 543
870 747
62 436
395 547
683 696
153 981
767 454
605 487
308 899
502 969
559 458
763 615
490 385
202 285
19 833
386 196
316 261
154 88
799 360
488 738
538 194
794 104
903 318
282 260
804 129
69 156
537 266
974 881
166 914
44 270
229 262
525 345
582 266
580 375
343 258
606 668
352 191
318 580
428 252
886 14
457 532
944 802
137 662
48 55
380 781
234 334
551 575
864 184
155 331
777 582
51 873
566 88
733 553
557 379
322 594
46 768
530 649
413 3
589 170
841 483
142 797
826 590
275 188
454 695
5 107
836 40
584 532
416 102
218 318
825 270
282 531
669 901
838 516
821 890
100 515
130 607
39 653
523 704
283 103
428 900
238 535
350 77
562 717
155 33
763 180
718 12
569 662
677 236
348 566
299 782
156 653
13 20
969 678
17 209
681 122
495 694
278 152
282 215
47 341
633 105
300 983
690 75
315 242
196 279
783 871
688 926
24 672
941 235
249 747
768 559
439 194
244 426
716 828
988 57
590 797
883 277
444 683
708 424
16 994
384 70
149 202
983 114
262 91
391 893
747 595
430 733
824 596
70 19
216 772
401 662
54 328
901 705
722 286
831 128
670 6
835 68
186 675
632 463
171 189
634 641
124 123
808 157
19 1
377 593
621 334
976 443
908 211
639 830
270 93
56 489
610 528
756 790
619 706
726 122
514 810
97 572
39 689
978 863
43 562
692 173
655 475
140 66
826 823
60 279
358 905
47 11
305 664
74 471
610 229
244 603
870 691
380 555
32 943
549 70
914 325
292 497
44 658
61 300
389 104
766 627
93 251
24 926
611 866
5 805
769 743
107 451
372 37
486 101
73 448
573 303
311 74
135 152
908 408
205 340
816 263
834 903
504 307
638 250
452 179
953 626
24 346
318 540
267 206
387 725
935 663
435 721
725 847
375 970
855 476
876 857
651 538
245 774
105 371
986 268
676 576
846 816
206 659
744 342
712 308
646 251
501 690
47 634
543 641
270 287
751 994
75 460
423 775
130 997
591 826
812 565
648 589
860 809
274 68
311 791
902 578
744 786
963 560
363 498
952 191
471 889
240 241
166 201
117 661
411 18
857 70
765 853
696 324
678 116
829 504
705 10
909 384
692 816
785 114
52 663
697 606
536 732
791 956
922 829
465 958
65 260
374 270
395 919
532 776
366 966
95 480
528 299
726 578
896 783
897 634
641 382
538 380
176 661
875 21
49 170
679 969
738 263
560 619
619 8
214 812
72 853
846 433
788 619
424 312
991 984
499 438
64 745
945 48
249 675
419 345
314 97
701 595
393 630
102 960
944 393
197 980
684 490
867 932
337 209
528 200
885 370
898 392
59 652
777 553
775 82
796 109
335 915
845 138
495 497
703 828
65 632
746 86
854 696
637 40
964 296
493 240
555 381
355 787
198 847
234 668
471 729
533 334
592 774
461 483
835 756
30 136
860 751
69 536
276 584
939 248
851 980
670 376
293 37
824 72
308 473
899 534
78 711
194 448
303 230
125 696
273 983
626 511
830 205
440 674
566 731
228 712
27 145
235 786
406 311
331 404
577 476
886 70
529 81
658 887
400 11
461 207
311 383
813 665
207 190
889 83
894 346
349 89
102 307
69 719
982 823
643 342
914 687
519 600
832 812
619 500
512 938
92 108
612 843
738 410
98 573
742 498
858 727
785 555
404 135
810 910
371 76
244 454
318 581
10 282
507 276
250 851
521 97
935 718
239 205
722 25
229 185
449 923
306 880
453 751
517 762
261 328
58 241
123 516
445 719
566 89
404 660
822 247
660 150
772 968
336 386
160 944
416 298
21 717
503 671
363 862
86 941
338 368
470 76
229 649
608 429
826 476
403 389
760 600
815 584
337 761
946 809
754 74
782 757
969 873
209 592
571 922
915 508
544 466
28 163
618 847
678 45
60 268
557 992
775 532
909 375
765 797
201 674
919 162
227 658
155 209
691 3
50 393
896 937
70 972
752 51
629 387
843 332
415 446
301 397
77 838
558 977
953 771
779 932
537 602
633 897
625 613
996 936
525 410
315 250
656 215
359 196
822 740
662 93
535 193
849 570
975 14
7 360
944 338
395 10
262 701
917 385
98 961
194 640
712 861
577 678
779 497
551 589
533 194
571 115
529 280
243 226
215 88
347 64
223 573
281 68
444 906
963 138
925 218
30 486
920 942
786 512
380 127
109 343
510 750
647 365
707 30
252 323
91 869
312 118
9 58
872 110
781 652
551 102
293 370
846 614
298 216
652 959
172 689
545 201
35 903
507 834
843 812
541 189
445 8
230 870
982 465
274 496
832 394
904 7
118 235
815 307
249 360
286 935
964 843
420 809
994 681
153 626
243 922
407 61
155 12
139 643
415 726
680 893
753 793
438 669
679 625
687 90
517 21
800 310
340 119
519 877
938 588
192 166
581 436
947 310
371 456
207 118
652 289
157 861
675 640
10 323
571 467
93 107
849 661
957 706
45 904
136 956
214 769
417 609
418 794
185 765
851 48
690 334
103 231
875 854
179 751
665 180
779 396
430 540
254 224
954 154
441 325
428 197
121 557
569 577
932 757
534 257
538 844
150 542
561 165
138 126
765 93
837 688
417 173
756 256
45 477
484 67
49 930
332 143
261 133
265 194
613 944
6 347
891 265
322 4
436 657
298 45
873 919
694 647
365 243
612 52
76 599
229 580
964 649
911 898
991 208
668 149
85 5
160 420
568 33
675 828
80 556
536 575
833 67
743 704
747 349
221 758
994 438
45 168
951 987
303 912
791 959
408 700
101 785
155 153
321 689
865 316
481 75
481 397
466 289
156 613
73 129
201 84
573 212
922 988
943 966
624 276
680 6
118 546
301 2
230 424
824 977
605 212
456 501
129 433
791 355
206 129
909 980
306 619
664 937
295 501
393 900
244 483
404 442
745 322
138 304
858 611
396 632
426 286
332 638
149 144
423 273
119 646
158 966
50 759
439 555
85 635
547 946
920 96
828 953
246 958
261 696
711 736
413 61
342 397
419 660
884 448
252 122
150 888
298 126
982 204
198 735
332 401
579 144
137 133
117 598
706 53
49 798
545 241
30 619
731 746
467 488
485 863
70 711
888 711
382 757
700 714
961 18
467 345
624 884
17 90
273 240
493 597
847 570
848 620
390 841
364 198
596 361
286 665
839 823
623 876
265 83
278 109
260 552
351 361
247 648
468 331
358 240
837 163
657 325
828 475
275 838
97 400
814 109
157 694
12 159
659 940
71 892
756 132
538 115
481 224
171 518
542 539
339 316
747 331
362 216
676 965
521 796
3 629
978 29
728 524
414 57
96 182
542 821
121 741
883 89
846 79
794 554
798 854
198 910
414 219
798 125
214 356
143 168
797 240
234 859
761 963
794 972
707 37
765 359
199 385
388 208
650 143
390 423
12 912
531 896
971 377
23 901
935 226
593 463
463 685
212 611
461 842
489 854
454 992
16 826
536 968
746 159
79 610
108 498
145 120
813 841
316 231
862 633
283 22
303 987
35 601
1 857
737 599
486 642
782 879
734 100
737 704
598 471
819 486
895 179
771 11
775 563
800 992
322 837
126 327
692 54
311 243
921 299
995 630
227 960
68 452
676 27
514 170
511 408
371 269
253 73
304 26
805 586
516 755
710 662
944 290
932 323
680 508
251 577
875 651
19 772
626 527
550 865
384 130
741 302
300 420
671 183
241 452
737 479
696 528
676 558
272 796
76 274
355 733
471 275
328 515
518 72
515 676
546 498
247 456
125 940
364 676
493 72
171 204
160 187
553 564
4 996
673 499
910 448
569 194
660 751
117 526
687 994
229 688
677 253
478 81
176 158
892 455
783 272
57 624
222 90
757 880
723 960
406 508
40 108
994 245
151 424
654 257
987 868
733 280
24 992
443 982
580 765
157 860
413 754
965 933
931 877
954 470
274 964
225 146
780 126
879 528
202 674
809 474
41 608
957 562
427 587
10 497
743 65
428 829
841 969
276 284
215 604
963 442
786 746
90 562
163 162
385 508
646 701
206 68
229 429
343 437
937 932
997 936
300 392
368 926
453 823
937 838
721 47
501 783
318 463
490 357
20 349
459 279
26 926
941 947
177 782
274 700
556 782
481 940
389 241
216 431
472 857
385 842
481 541
686 1000
708 608
820 90
804 871
164 518
75 421
368 425
991 211
792 571
243 859
796 451
869 563
838 578
568 34
182 508
410 162
79 602
243 968
584 780
249 594
592 503
829 502
740 695
689 643
924 302
504 951
680 858
374 756
122 477
594 659
978 754
210 648
96 666
533 724
349 115
650 784
886 282
409 134
875 23
838 153
328 338
419 125
705 447
188 806
724 208
211 511
267 433
345 945
58 278
811 700
168 458
331 822
771 795
447 696
42 770
41 749
885 500
797 914
279 703
708 339
836 168
177 285
806 960
54 101
367 486
524 381
980 655
12 222
976 938
315 760
137 712
753 949
46 447
45 102
472 616
178 633
922 168
772 613
320 684
121 923
360 189
492 426
935 104
904 388
963 867
412 235
830 410
173 914
661 584
1000 508
375 492
947 663
70 538
511 764
77 674
319 741
217 103
933 889
825 352
972 209
518 717
77 563
616 315
898 817
339 564
454 167
863 9
496 105
800 932
890 169
37 22
984 555
351 842
118 67
287 466
572 380
644 913
773 563
922 799
597 927
376 269
486 886
782 771
1 542
607 298
240 844
558 810
236 664
701 802
225 105
634 263
12 9
880 907
776 791
386 370
119 435
893 651
819 728
987 586
715 987
936 796
629 177
41 696
928 924
197 805
947 932
367 405
177 313
16 924
833 898
336 358
674 338
931 353
719 710
528 845
794 555
941 328
871 523
90 780
168 994
647 506
691 826
211 836
933 729
608 304
388 322
151 652
7 1000
543 714
566 377
218 27
312 92
534 923
721 128
405 733
428 722
965 584
99 389
89 159
255 526
967 494
222 349
977 568
136 104
834 67
907 789
45 886
623 463
700 632
518 681
853 86
928 115
861 555
53 542
790 617
352 581
4 182
978 777
562 712
601 22
485 963
623 685
628 889
661 960
421 427
778 876
247 585
602 616
455 636
59 447
23 88
410 15
504 862
781 12
568 679
127 4
899 65
957 331
939 832
227 626
301 423
214 904
123 933
352 385
387 642
539 185
154 187
83 19
28 656
346 325
73 41
348 717
872 871
743 92
525 489
489 185
254 123
805 585
846 226
295 559
230 724
124 579
966 724
401 984
36 409
76 734
93 856
438 556
889 937
487 255
638 44
751 279
625 935
2 648
939 960
958 599
280 26
784 474
756 302
873 14
731 46
964 211
638 782
841 616
91 89
4 560
155 932
321 476
104 988
447 152
103 790
229 251
788 208
378 406
747 771
218 255
995 285
152 737
48 293
355 954
308 492
720 36
117 924
152 528
284 21
30 529
514 950
470 328
644 277
596 909
857 254
644 164
203 476
592 802
939 480
133 441
709 986
781 509
910 227
145 91
256 796
900 477
862 513
14 327
587 3
92 611
238 673
745 702
487 194
566 931
680 782
414 994
573 93
79 788
522 128
885 52
835 990
568 579
698 766
970 123
964 482
656 819
463 26
590 379
620 239
629 87
923 464
140 926
41 615
110 583
883 325
591 60
800 777
847 166
689 12
176 89
528 142
358 433
931 219
881 868
258 659
775 986
462 499
3 733
171 367
9 408
599 871
394 194
680 741
732 388
608 154
493 376
798 205
784 125
59 722
209 65
392 511
673 850
717 425
223 416
706 332
686 668
747 862
53 97
200 491
169 636
316 757
750 66
551 183
75 326
811 74
316 612
43 996
171 139
445 840
788 634
368 347
117 624
744 902
548 970
74 645
165 298
897 840
545 836
322 343
40 172
915 310
477 761
313 648
170 259
192 691
796 115
709 958
784 523
925 341
688 987
474 750
622 692
364 220
468 194
568 752
715 323
314 552
64 95
600 1
340 260
987 835
788 784
573 210
956 222
960 153
245 385
874 307
605 161
404 904
387 730
173 53
410 281
512 961
949 692
650 627
836 794
323 873
475 162
85 943
143 338
876 666
309 311
444 878
271 751
253 125
609 354
445 680
581 780
54 118
417 79
436 861
437 4
369 342
43 149
544 926
854 703
855 82
34 944
328 717
171 105
924 937
726 485
449 335
780 645
820 874
986 414
273 537
260 289
604 624
364 749
458 614
85 804
872 168
212 585
218 294
807 898
296 484
481 568
446 366
485 716
930 587
631 79
981 108
618 854
506 76
515 600
933 201
554 254
791 767
478 46
2 580
530 7
415 740
956 787
809 964
682 346
204 522
244 623
411 352
330 112
993 272
867 299
687 28
326 140
899 100
353 34
994 119
347 163
261 980
743 170
211 45
486 81
306 299
589 768
187 20
23 906
768 583
887 734
978 392
10 438
963 484
301 245
163 236
129 12
37 651
872 554
120 207
682 549
664 822
797 742
379 475
529 700
287 708
521 833
281 411
138 52
379 328
957 466
327 552
536 415
266 336
195 458
802 126
752 829
269 981
756 745
117 869
426 154
946 853
166 209
927 554
539 750
868 114
831 78
214 68
539 865
939 374
208 764
796 405
523 631
217 66
753 16
554 67
867 24
207 603
831 898
637 170
144 931
930 734
550 31
365 475
389 635
527 773
341 274
861 603
438 692
420 135
979 400
356 881
982 517
397 177
221 429
960 279
705 352
822 985
400 106
93 147
830 552
263 583
575 14
782 655
316 293
598 695
909 824
287 100
604 623
115 869
357 992
603 968
21 185
408 178
48 233
751 417
148 316
594 156
813 190
335 910
873 467
306 640
436 759
382 367
426 488
333 89
558 370
724 606
290 396
453 704
147 493
827 351
228 192
779 208
61 735
433 773
828 867
116 573
70 562
725 634
817 583
217 787
238 251
129 581
904 349
302 660
48 531
947 673
159 801
769 533
845 258
637 561
921 134
542 354
543 975
344 313
382 403
824 3
551 496
38 13
773 950
43 665
545 191
963 600
621 108
70 754
182 984
401 103
240 201
520 491
637 748
479 314
448 390
302 481
31 749
303 8
280 799
365 447
630 373
481 322
333 801
794 425
507 530
17 343
607 79
745 926
28 416
943 568
126 391
582 264
334 592
409 319
431 906
698 767
970 120
952 739
827 977
741 827
867 496
192 296
963 595
514 285
628 739
918 123
978 302
962 939
743 242
581 211
983 579
793 39
796 754
374 994
654 720
478 860
851 162
125 409
110 567
836 197
552 660
96 368
320 932
140 547
72 505
453 676
918 534
545 791
410 873
218 588
640 134
716 657
414 928
588 475
701 369
534 977
631 471
522 57
372 810
412 129
285 141
316 209
114 417
155 673
337 710
360 865
70 572
234 838
591 774
540 820
625 228
990 652
296 408
778 624
619 674
527 95
160 423
850 992
331 142
880 508
250 50
972 397
278 378
140 383
344 162
279 132
598 418
587 191
889 258
840 529
624 988
861 165
109 704
222 224
166 649
560 656
761 113
409 132
33 880
577 23
239 941
641 625
73 23
535 149
442 196
560 623
776 572
742 379
72 857
344 542
823 158
942 248
586 814
254 176
760 854
646 524
413 75
408 234
675 108
151 572
106 282
626 597
992 343
940 15
299 145
572 851
20 29
134 237
526 739
266 445
86 810
349 840
668 560
251 966
385 650
733 290
704 1000
570 132
433 978
664 848
200 663
256 409
424 555
227 190
119 116
792 182
701 410
167 290
170 450
930 584
659 122
626 507
88 344
714 918
307 20
331 170
114 566
80 618
569 189
230 956
486 522
256 965
477 845
832 356
689 685
840 815
288 470
662 760
706 756
981 318
451 735
253 599
110 960
250 459
828 71
315 829
369 686
600 30
818 109
47 301
710 39
676 147
344 988
58 726
934 607
443 16
219 520
814 1
62 874
738 522
148 571
439 68
757 505
633 203
872 781
232 748
656 126
768 600
452 977
913 609
663 341
315 459
723 54
907 143
671 958
488 901
107 685
167 500
93 882
94 535
483 650
262 658
823 896
951 207
941 309
871 948
33 972
275 263
556 140
152 122
883 491
393 880
411 628
855 113
507 495
414 873
454 682
591 555
13 56
506 685
143 218
601 117
706 146
66 469
87 457
384 554
910 484
977 941
320 424
781 757
928 151
782 310
455 58
890 489
543 948
52 902
914 41
892 250
517 92
23 263
722 778
583 704
184 485
368 66
79 540
960 262
144 819
236 904
844 648
600 502
45 621
706 681
139 744
548 145
654 185
69 359
158 82
624 994
625 319
365 764
224 496
581 476
528 728
575 487
952 712
461 590
425 712
796 969
637 981
230 277
378 744
272 181
348 960
205 585
831 789
525 406
947 508
641 697
126 213
533 635
440 806
900 974
362 951
864 413
556 451
153 496
873 321
908 320
395 415
73 265
736 71
846 396
703 525
461 914
153 353
104 657
102 908
910 873
177 347
629 956
343 402
127 555
85 855
3 739
560 228
867 992
675 36
517 730
85 696
836 384
659 393
381 317
437 123
76 269
208 157
150 848
173 498
820 956
694 925
25 869
716 765
627 426
88 948
886 693
337 203
692 374
688 501
998 662
790 958
241 5
792 435
42 62
887 138
392 1
817 800
912 840
195 596
113 195
276 755
709 823
467 564
85 109
89 106
316 791
744 842
213 137
273 44
607 57
994 430
540 102
959 636
153 547
363 165
734 436
718 985
844 684
389 751
106 577
161 76
198 113
550 282
697 950
187 256
499 530
804 401
86 697
770 769
628 637
183 684
226 993
761 84
463 484
430 215
135 260
165 682
258 476
760 284
614 395
491 69
690 507
233 380
583 388
20 710
936 839
774 603
724 814
606 718
96 19
663 669
685 197
297 796
104 638
545 515
571 34
955 195
614 68
138 491
301 845
146 910
890 907
30 36
660 219
989 529
152 434
81 124
134 6
985 550
531 622
459 387
567 372
860 482
422 269
853 282
262 858
57 100
976 126
656 580
156 360
17 970
750 64
421 739
771 291
470 507
626 69
661 578
354 256
318 191
821 780
513 587
329 582
226 953
522 634
330 258
969 519
771 281
131 246
478 195
460 634
959 656
306 80
808 274
723 993
359 118
283 320
322 742
164 197
828 188
334 685
889 442
12 122
624 185
73 133
239 752
315 192
670 212
126 130
111 554
330 399
224 134
97 67
653 233
803 196
625 690
475 311
665 235
315 430
312 14
559 643
905 1000
283 908
824 836
989 290
537 417
665 148
645 982
816 216
328 898
383 996
96 174
724 544
599 660
712 1000
380 878
399 292
437 145
955 348
967 737
826 227
223 625
794 581
621 606
161 727
682 900
589 128
508 856
42 65
466 677
15 394
294 375
820 139
910 669
493 13
725 674
160 230
472 824
436 147
756 804
913 361
967 186
753 106
617 406
736 931
259 408
31 76
575 646
298 446
887 400
523 811
861 629
348 552
79 680
588 866
457 480
554 385
874 627
191 879
532 809
3 189
193 607
425 181
292 133
656 224
178 284
528 876
873 608
248 40
788 532
723 57
7 400
120 98
120 196
287 928
883 319
665 112
663 709
499 6
779 456
798 308
672 888
267 188
414 61
495 50
366 932
742 209
229 482
266 124
985 892
785 840
560 72
484 176
336 391
985 542
416 303
553 802
653 732
596 896
152 281
778 501
907 731
565 907
733 709
560 261
962 233
265 111
527 323
323 417
821 162
180 94
293 345
994 566
612 121
542 260
393 307
503 184
568 255
787 95
4 915
642 910
8 86
139 956
235 727
559 925
769 809
476 731
139 781
947 914
360 600
770 617
751 628
657 215
535 759
451 924
14 366
236 74
623 686
717 661
784 740
417 909
70 961
421 313
184 691
297 500
662 999
221 77
59 158
477 227
740 831
780 86
633 230
732 238
1 138
954 272
628 431
79 369
962 871
237 729
550 778
862 520
685 113
571 742
447 322
506 778
858 551
750 617
58 927
323 177
495 360
357 81
394 45
686 606
31 272
570 66
608 241
493 401
510 561
71 489
267 902
52 432
470 131
453 863
627 60
591 409
24 145
9 323
673 804
986 421
345 475
678 567
608 479
38 982
369 228
119 281
748 687
285 167
736 147
860 573
792 261
202 437
116 733
579 223
617 417
711 347
381 864
661 670
84 453
754 333
238 586
333 846
562 536
174 690
286 936
639 538
235 832
363 279
438 743
360 175
117 300
797 415
350 418
297 310
473 336
61 590
268 497
785 25
18 648
95 394
649 570
597 852
563 92
359 1
676 325
991 716
170 878
154 107
597 709
947 426
306 286
880 839
862 315
809 333
370 685
222 922
753 755
581 209
729 614
641 644
254 11
365 914
149 933
509 71
262 287
233 560
102 990
463 442
168 752
741 765
10 223
54 12
256 115
646 832
100 346
512 292
742 734
807 343
277 167
745 20
618 600
447 68
604 841
650 97
300 776
985 598
738 478
556 891
190 137
104 74
877 817
345 160
366 334
404 565
190 24
180 16
583 739
331 89
274 47
683 137
26 700
522 793
282 546
815 508
262 532
543 941
472 204
772 449
852 631
105 834
297 112
22 325
502 171
196 770
731 931
92 979
664 576
257 62
729 134
35 533
330 91
738 76
757 848
913 968
625 454
473 625
883 742
330 787
615 743
690 186
156 610
359 37
936 6
349 79
922 985
446 288
444 293
692 707
306 258
658 559
606 905
793 812
885 222
234 32
37 515
232 513
307 525
694 367
560 847
922 362
250 825
220 401
831 403
408 27
671 73
128 106
628 133
243 161
116 849
873 58
711 846
125 95
521 845
259 801
333 496
100 461
502 553
877 755
842 886
475 867
246 546
618 25
698 265
720 193
388 249
432 749
397 629
894 909
420 682
863 710
630 759
674 865
89 505
939 271
657 978
108 372
758 726
764 367
520 421
393 776
540 56
668 101
378 897
251 501
5 731
537 806
240 98
57 684
867 223
691 45
527 851
17 238
865 482
439 307
939 715
746 551
605 480
272 60
58 613
79 969
384 965
213 531
685 473
176 695
711 818
550 525
384 420
442 230
261 866
409 23
616 921
214 327
514 114
300 297
24 762
956 451
671 952
819 589
489 82
309 743
862 557
167 713
404 141
791 499
798 309
391 897
653 494
414 34
508 329
594 70
683 687
724 581
216 896
864 832
298 682
30 125
803 319
156 974
920 65
108 209
8 539
